# This is a molecule template for molecule 1

10 atoms
9 bonds

Coords

1 0.23556883216753888 0.49139213883963595 0.8491431561611049
2 0.35284388288718405 0.5630783845688964 0.2109970784042865
3 0.6627658116569138 0.6444811811843808 0.8219179299542002
4 0.2485933407306692 0.942073732470646 0.9753245614834339
5 0.5615446534475861 0.0852134728624434 0.6577356469344255
6 0.10978776950764702 0.5214415015271509 0.17593349795771718
7 0.9951052195895088 0.5694621194619983 0.8680544859315933
8 0.4830703808195612 0.11790217446941309 0.3175841326239157
9 0.5068146020535551 0.006664861863159843 0.9074457555704468
10 0.8828308974819344 0.6006490437536488 0.3436192258871601

Types

1 A 
2 A 
3 A 
4 U 
5 M 
6 U 
7 M 
8 M 
9 U 
10 U 

Bonds

  1  Normal  1  2
  2  Normal  2  3
  3  Normal  3  4
  4  Normal  4  5
  5  Normal  5  6
  6  Normal  6  7
  7  M-M  7  8
  8  Normal  8  9
  9  Normal  9  10
