# This is a molecule template for molecule 1

6 atoms
5 bonds

Coords

1 0.32698959013763684 0.4635415358722531 0.7981918319660293
2 0.4510189357231911 0.028146309326202212 0.8163526668570379
3 0.5634082571033466 0.8669029841127892 0.3043968804519289
4 0.026616870349527977 0.5235201000717333 0.06081275124999386
5 0.2686942045140832 0.9901977591090779 0.7425310918520535
6 0.7824694822939829 0.12363061497559724 0.7478275306477964

Types

1 1 
2 2 
3 1 
4 1 
5 3 
6 3 

Bonds

  1  1  1  2
  2  1  2  3
  3  1  3  4
  4  1  4  5
  5  2  5  6
